the	338.0000	0.0682	4.7263
hunting	4.0000	0.0008	2.8950
of	93.0000	0.0188	4.1692
snark	32.0000	0.0065	3.7146
an	9.0000	0.0018	3.1961
agony	1.0000	0.0002	2.4971
in	93.0000	0.0188	4.1692
EIGHT	2.0000	0.0004	2.6732
fits	1.0000	0.0002	2.4971
by	19.0000	0.0038	3.4971
LEWIS CARROLL	1.0000	0.0002	2.4971
preface	1.0000	0.0002	2.4971
if	17.0000	0.0034	3.4513
and	165.0000	0.0333	4.4162
thing	10.0000	0.0020	3.2375
is	43.0000	0.0087	3.8395
wildly	1.0000	0.0002	2.4971
possible	2.0000	0.0004	2.6732
charge	5.0000	0.0010	2.9742
writing	1.0000	0.0002	2.4971
nonsense	1.0000	0.0002	2.4971
were	12.0000	0.0024	3.3100
ever	8.0000	0.0016	3.1503
brought	3.0000	0.0006	2.7981
against	3.0000	0.0006	2.7981
author	1.0000	0.0002	2.4971
this	17.0000	0.0034	3.4513
brief	1.0000	0.0002	2.4971
but	59.0000	0.0119	3.9742
instructive	1.0000	0.0002	2.4971
poem	4.0000	0.0008	2.8950
it	117.0000	0.0236	4.2679
would	23.0000	0.0046	3.5763
be	28.0000	0.0057	3.6585
based	1.0000	0.0002	2.4971
i	53.0000	0.0107	3.9285
feel	2.0000	0.0004	2.6732
convinced	1.0000	0.0002	2.4971
on	31.0000	0.0063	3.7012
line	1.0000	0.0002	2.4971
then	16.0000	0.0032	3.4265
bowsprit	3.0000	0.0006	2.7981
got	4.0000	0.0008	2.8950
mixed	2.0000	0.0004	2.6732
with	88.0000	0.0178	4.1455
rudder	3.0000	0.0006	2.7981
sometimes	2.0000	0.0004	2.6732
view	4.0000	0.0008	2.8950
painful	1.0000	0.0002	2.4971
possibility	1.0000	0.0002	2.4971
will	17.0000	0.0034	3.4513
not	22.0000	0.0044	3.5578
as	37.0000	0.0075	3.7758
might	7.0000	0.0014	3.0992
appeal	3.0000	0.0006	2.7981
indignantly	2.0000	0.0004	2.6732
to	127.0000	0.0256	4.3033
my	14.0000	0.0028	3.3722
other	5.0000	0.0010	2.9742
writings	1.0000	0.0002	2.4971
a	132.0000	0.0266	4.3199
proof	3.0000	0.0006	2.7981
that	85.0000	0.0172	4.1306
am	3.0000	0.0006	2.7981
incapable	1.0000	0.0002	2.4971
such	10.0000	0.0020	3.2375
deed	1.0000	0.0002	2.4971
point	1.0000	0.0002	2.4971
strong	1.0000	0.0002	2.4971
moral	1.0000	0.0002	2.4971
purpose	1.0000	0.0002	2.4971
itself	1.0000	0.0002	2.4971
arithmetical	1.0000	0.0002	2.4971
principles	1.0000	0.0002	2.4971
so	29.0000	0.0059	3.6732
cautiously	1.0000	0.0002	2.4971
inculcated	1.0000	0.0002	2.4971
or	19.0000	0.0038	3.4971
its	26.0000	0.0052	3.6274
noble	2.0000	0.0004	2.6732
teachings	1.0000	0.0002	2.4971
natural	2.0000	0.0004	2.6732
history	2.0000	0.0004	2.6732
take	4.0000	0.0008	2.8950
more	11.0000	0.0022	3.2752
prosaic	1.0000	0.0002	2.4971
course	2.0000	0.0004	2.6732
simply	3.0000	0.0006	2.7981
explaining	2.0000	0.0004	2.6732
how	4.0000	0.0008	2.8950
happened	3.0000	0.0006	2.7981
bellman	33.0000	0.0067	3.7275
who	7.0000	0.0014	3.0992
was	60.0000	0.0121	3.9814
almost	3.0000	0.0006	2.7981
morbidly	1.0000	0.0002	2.4971
sensitive	1.0000	0.0002	2.4971
about	4.0000	0.0008	2.8950
appearances	1.0000	0.0002	2.4971
used	3.0000	0.0006	2.7981
have	31.0000	0.0063	3.7012
unshipped	1.0000	0.0002	2.4971
once	9.0000	0.0018	3.1961
TWICE A WEEK	1.0000	0.0002	2.4971
revarnished	1.0000	0.0002	2.4971
than	7.0000	0.0014	3.0992
when	25.0000	0.0050	3.6110
time	4.0000	0.0008	2.8950
came	8.0000	0.0016	3.1503
for	40.0000	0.0081	3.8088
replacing	1.0000	0.0002	2.4971
no	12.0000	0.0024	3.3100
one	12.0000	0.0024	3.3100
board	2.0000	0.0004	2.6732
could	15.0000	0.0030	3.4002
remember	1.0000	0.0002	2.4971
which	18.0000	0.0036	3.4748
end	3.0000	0.0006	2.7981
ship	8.0000	0.0016	3.1503
belonged	1.0000	0.0002	2.4971
they	59.0000	0.0119	3.9742
knew	6.0000	0.0012	3.0412
slightest	3.0000	0.0006	2.7981
use	2.0000	0.0004	2.6732
he	85.0000	0.0172	4.1306
only	9.0000	0.0018	3.1961
refer	2.0000	0.0004	2.6732
his	55.0000	0.0111	3.9443
naval	1.0000	0.0002	2.4971
code	2.0000	0.0004	2.6732
read	2.0000	0.0004	2.6732
out	9.0000	0.0018	3.1961
pathetic	1.0000	0.0002	2.4971
tones	2.0000	0.0004	2.6732
ADMIRALTY INSTRUCTIONS	1.0000	0.0002	2.4971
none	3.0000	0.0006	2.7981
them	10.0000	0.0020	3.2375
had	45.0000	0.0091	3.8588
been	13.0000	0.0026	3.3422
able	3.0000	0.0006	2.7981
understand	3.0000	0.0006	2.7981
generally	1.0000	0.0002	2.4971
ended	1.0000	0.0002	2.4971
being	3.0000	0.0006	2.7981
fastened	1.0000	0.0002	2.4971
anyhow	1.0000	0.0002	2.4971
across	1.0000	0.0002	2.4971
helmsman	2.0000	0.0004	2.6732
stand	1.0000	0.0002	2.4971
tears	6.0000	0.0012	3.0412
eyes	3.0000	0.0006	2.7981
all	26.0000	0.0052	3.6274
wrong	2.0000	0.0004	2.6732
alas	1.0000	0.0002	2.4971
rule	1.0000	0.0002	2.4971
shall	6.0000	0.0012	3.0412
speak	10.0000	0.0020	3.2375
THE MAN AT THE HELM	1.0000	0.0002	2.4971
completed	1.0000	0.0002	2.4971
himself	3.0000	0.0006	2.7981
words	7.0000	0.0014	3.0992
THE MAN	1.0000	0.0002	2.4971
at	23.0000	0.0046	3.5763
helm	1.0000	0.0002	2.4971
remonstrance	1.0000	0.0002	2.4971
impossible	1.0000	0.0002	2.4971
steering	1.0000	0.0002	2.4971
done	6.0000	0.0012	3.0412
till	7.0000	0.0014	3.0992
THE NEXT VARNISHING DAY	1.0000	0.0002	2.4971
during	1.0000	0.0002	2.4971
these	2.0000	0.0004	2.6732
bewildering	1.0000	0.0002	2.4971
intervals	1.0000	0.0002	2.4971
usually	1.0000	0.0002	2.4971
sailed	5.0000	0.0010	2.9742
backwards	1.0000	0.0002	2.4971
some	10.0000	0.0020	3.2375
extent	1.0000	0.0002	2.4971
connected	1.0000	0.0002	2.4971
lay	1.0000	0.0002	2.4971
JABBERWOCK	1.0000	0.0002	2.4971
let	5.0000	0.0010	2.9742
me	14.0000	0.0028	3.3722
opportunity	1.0000	0.0002	2.4971
answering	1.0000	0.0002	2.4971
question	2.0000	0.0004	2.6732
has	5.0000	0.0010	2.9742
often	3.0000	0.0006	2.7981
asked	1.0000	0.0002	2.4971
pronounce	1.0000	0.0002	2.4971
slithy	2.0000	0.0004	2.6732
toves	2.0000	0.0004	2.6732
long	3.0000	0.0006	2.7981
writhe	1.0000	0.0002	2.4971
pronounced	3.0000	0.0006	2.7981
rhyme	1.0000	0.0002	2.4971
groves	1.0000	0.0002	2.4971
again	4.0000	0.0008	2.8950
FIRST	5.0000	0.0010	2.9742
o	3.0000	0.0006	2.7981
borogoves	1.0000	0.0002	2.4971
like	9.0000	0.0018	3.1961
borrow	1.0000	0.0002	2.4971
heard	4.0000	0.0008	2.8950
people	1.0000	0.0002	2.4971
try	2.0000	0.0004	2.6732
give	2.0000	0.0004	2.6732
sound	5.0000	0.0010	2.9742
worry	1.0000	0.0002	2.4971
human	1.0000	0.0002	2.4971
perversity	1.0000	0.0002	2.4971
also	2.0000	0.0004	2.6732
seems	2.0000	0.0004	2.6732
fitting	1.0000	0.0002	2.4971
occasion	1.0000	0.0002	2.4971
notice	1.0000	0.0002	2.4971
hard	1.0000	0.0002	2.4971
HUMPTY DUMPTY	1.0000	0.0002	2.4971
theory	1.0000	0.0002	2.4971
TWO	4.0000	0.0008	2.8950
meanings	1.0000	0.0002	2.4971
packed	2.0000	0.0004	2.6732
into	2.0000	0.0004	2.6732
word	10.0000	0.0020	3.2375
portmanteau	1.0000	0.0002	2.4971
right	5.0000	0.0010	2.9742
explanation	1.0000	0.0002	2.4971
instance	1.0000	0.0002	2.4971
fuming	4.0000	0.0008	2.8950
furious	5.0000	0.0010	2.9742
make	1.0000	0.0002	2.4971
up	7.0000	0.0014	3.0992
your	12.0000	0.0024	3.3100
mind	4.0000	0.0008	2.8950
you	50.0000	0.0101	3.9036
say	12.0000	0.0024	3.3100
both	1.0000	0.0002	2.4971
leave	2.0000	0.0004	2.6732
unsettled	1.0000	0.0002	2.4971
now	7.0000	0.0014	3.0992
open	2.0000	0.0004	2.6732
mouth	1.0000	0.0002	2.4971
thoughts	1.0000	0.0002	2.4971
incline	1.0000	0.0002	2.4971
little	2.0000	0.0004	2.6732
towards	2.0000	0.0004	2.6732
turn	2.0000	0.0004	2.6732
even	7.0000	0.0014	3.0992
hair	3.0000	0.0006	2.7981
breadth	1.0000	0.0002	2.4971
rarest	1.0000	0.0002	2.4971
gifts	1.0000	0.0002	2.4971
perfectly	2.0000	0.0004	2.6732
balanced	1.0000	0.0002	2.4971
frumious	2.0000	0.0004	2.6732
supposing	1.0000	0.0002	2.4971
PISTOL	1.0000	0.0002	2.4971
uttered	2.0000	0.0004	2.6732
well	7.0000	0.0014	3.0992
known	2.0000	0.0004	2.6732
under	2.0000	0.0004	2.6732
king	1.0000	0.0002	2.4971
BEZONIAN	1.0000	0.0002	2.4971
die	2.0000	0.0004	2.6732
justice	1.0000	0.0002	2.4971
shallow	1.0000	0.0002	2.4971
felt	5.0000	0.0010	2.9742
certain	1.0000	0.0002	2.4971
either	3.0000	0.0006	2.7981
WILLIAM	1.0000	0.0002	2.4971
RICHARD	1.0000	0.0002	2.4971
settle	1.0000	0.0002	2.4971
possibly	1.0000	0.0002	2.4971
name	4.0000	0.0008	2.8950
before	8.0000	0.0016	3.1503
can	3.0000	0.0006	2.7981
doubted	1.0000	0.0002	2.4971
rather	2.0000	0.0004	2.6732
gasped	1.0000	0.0002	2.4971
RILCHIAM	1.0000	0.0002	2.4971
fit	8.0000	0.0016	3.1503
landing	1.0000	0.0002	2.4971
just	5.0000	0.0010	2.9742
place	5.0000	0.0010	2.9742
cried	6.0000	0.0012	3.0412
landed	2.0000	0.0004	2.6732
crew	10.0000	0.0020	3.2375
care	11.0000	0.0022	3.2752
supporting	1.0000	0.0002	2.4971
each	8.0000	0.0016	3.1503
man	7.0000	0.0014	3.0992
top	2.0000	0.0004	2.6732
tide	1.0000	0.0002	2.4971
finger	1.0000	0.0002	2.4971
entwined	1.0000	0.0002	2.4971
said	24.0000	0.0048	3.5940
twice	2.0000	0.0004	2.6732
alone	2.0000	0.0004	2.6732
should	6.0000	0.0012	3.0412
encourage	1.0000	0.0002	2.4971
thrice	2.0000	0.0004	2.6732
what	10.0000	0.0020	3.2375
tell	7.0000	0.0014	3.0992
THREE	4.0000	0.0008	2.8950
times	2.0000	0.0004	2.6732
true	3.0000	0.0006	2.7981
complete	2.0000	0.0004	2.6732
included	1.0000	0.0002	2.4971
maker	2.0000	0.0004	2.6732
BONNETS	2.0000	0.0004	2.6732
barrister	5.0000	0.0010	2.9742
arrange	1.0000	0.0002	2.4971
their	16.0000	0.0032	3.4265
BROKER	1.0000	0.0002	2.4971
value	1.0000	0.0002	2.4971
goods	1.0000	0.0002	2.4971
billiard	1.0000	0.0002	2.4971
marker	2.0000	0.0004	2.6732
whose	4.0000	0.0008	2.8950
skill	1.0000	0.0002	2.4971
immense	1.0000	0.0002	2.4971
perhaps	1.0000	0.0002	2.4971
won	1.0000	0.0002	2.4971
BANKER	2.0000	0.0004	2.6732
engaged	2.0000	0.0004	2.6732
enormous	1.0000	0.0002	2.4971
expense	1.0000	0.0002	2.4971
whole	3.0000	0.0006	2.7981
cash	1.0000	0.0002	2.4971
there	9.0000	0.0018	3.1961
BEAVER	18.0000	0.0036	3.4748
paced	1.0000	0.0002	2.4971
deck	1.0000	0.0002	2.4971
sit	2.0000	0.0004	2.6732
making	5.0000	0.0010	2.9742
lace	3.0000	0.0006	2.7981
bow	1.0000	0.0002	2.4971
saved	1.0000	0.0002	2.4971
from	5.0000	0.0010	2.9742
wreck	1.0000	0.0002	2.4971
though	9.0000	0.0018	3.1961
sailors	1.0000	0.0002	2.4971
famed	1.0000	0.0002	2.4971
number	3.0000	0.0006	2.7981
things	2.0000	0.0004	2.6732
forgot	2.0000	0.0004	2.6732
entered	1.0000	0.0002	2.4971
umbrella	1.0000	0.0002	2.4971
watch	1.0000	0.0002	2.4971
jewels	1.0000	0.0002	2.4971
rings	1.0000	0.0002	2.4971
clothes	2.0000	0.0004	2.6732
bought	3.0000	0.0006	2.7981
trip	2.0000	0.0004	2.6732
FORTY TWO	1.0000	0.0002	2.4971
boxes	2.0000	0.0004	2.6732
carefully	1.0000	0.0002	2.4971
painted	1.0000	0.0002	2.4971
clearly	2.0000	0.0004	2.6732
since	2.0000	0.0004	2.6732
omitted	1.0000	0.0002	2.4971
mention	3.0000	0.0006	2.7981
fact	2.0000	0.0004	2.6732
left	3.0000	0.0006	2.7981
behind	1.0000	0.0002	2.4971
beach	2.0000	0.0004	2.6732
loss	1.0000	0.0002	2.4971
hardly	2.0000	0.0004	2.6732
mattered	1.0000	0.0002	2.4971
because	1.0000	0.0002	2.4971
SEVEN	2.0000	0.0004	2.6732
coats	2.0000	0.0004	2.6732
pairs	1.0000	0.0002	2.4971
boots	1.0000	0.0002	2.4971
worst	1.0000	0.0002	2.4971
wholly	2.0000	0.0004	2.6732
forgotten	1.0000	0.0002	2.4971
answer	2.0000	0.0004	2.6732
hi	2.0000	0.0004	2.6732
any	4.0000	0.0008	2.8950
loud	1.0000	0.0002	2.4971
cry	2.0000	0.0004	2.6732
fry	1.0000	0.0002	2.4971
FRITTER	1.0000	0.0002	2.4971
wig	2.0000	0.0004	2.6732
may	11.0000	0.0022	3.2752
call	2.0000	0.0004	2.6732
um	2.0000	0.0004	2.6732
especially	1.0000	0.0002	2.4971
jig	1.0000	0.0002	2.4971
while	16.0000	0.0032	3.4265
those	5.0000	0.0010	2.9742
preferred	1.0000	0.0002	2.4971
forcible	1.0000	0.0002	2.4971
different	2.0000	0.0004	2.6732
names	1.0000	0.0002	2.4971
intimate	1.0000	0.0002	2.4971
friends	3.0000	0.0006	2.7981
called	4.0000	0.0008	2.8950
him	11.0000	0.0022	3.2752
candle	1.0000	0.0002	2.4971
ends	1.0000	0.0002	2.4971
enemies	1.0000	0.0002	2.4971
toasted	1.0000	0.0002	2.4971
cheese	1.0000	0.0002	2.4971
form	1.0000	0.0002	2.4971
ungainly	1.0000	0.0002	2.4971
intellect	1.0000	0.0002	2.4971
remark	6.0000	0.0012	3.0412
courage	2.0000	0.0004	2.6732
perfect	2.0000	0.0004	2.6732
after	4.0000	0.0008	2.8950
needs	2.0000	0.0004	2.6732
joke	1.0000	0.0002	2.4971
hyenas	1.0000	0.0002	2.4971
returning	1.0000	0.0002	2.4971
stare	1.0000	0.0002	2.4971
impudent	1.0000	0.0002	2.4971
wag	2.0000	0.0004	2.6732
head	5.0000	0.0010	2.9742
went	7.0000	0.0014	3.0992
walk	1.0000	0.0002	2.4971
paw	2.0000	0.0004	2.6732
bear	1.0000	0.0002	2.4971
keep	3.0000	0.0006	2.7981
spirits	2.0000	0.0004	2.6732
BAKER	10.0000	0.0020	3.2375
owned	2.0000	0.0004	2.6732
too	7.0000	0.0014	3.0992
drove	1.0000	0.0002	2.4971
poor	3.0000	0.0006	2.7981
HALF	2.0000	0.0004	2.6732
bake	1.0000	0.0002	2.4971
BRIDECAKE	1.0000	0.0002	2.4971
state	2.0000	0.0004	2.6732
materials	1.0000	0.0002	2.4971
last	5.0000	0.0010	2.9742
especial	1.0000	0.0002	2.4971
looked	5.0000	0.0010	2.9742
incredible	1.0000	0.0002	2.4971
dunce	2.0000	0.0004	2.6732
JUST ONE	1.0000	0.0002	2.4971
idea	1.0000	0.0002	2.4971
ONE	11.0000	0.0022	3.2752
good	4.0000	0.0008	2.8950
BUTCHER	13.0000	0.0026	3.3422
gravely	1.0000	0.0002	2.4971
declared	3.0000	0.0006	2.7981
sailing	2.0000	0.0004	2.6732
week	1.0000	0.0002	2.4971
kill	1.0000	0.0002	2.4971
beavers	1.0000	0.0002	2.4971
scared	1.0000	0.0002	2.4971
frightened	1.0000	0.0002	2.4971
length	2.0000	0.0004	2.6732
explained	3.0000	0.0006	2.7981
tremulous	1.0000	0.0002	2.4971
tone	3.0000	0.0006	2.7981
tame	1.0000	0.0002	2.4971
own	2.0000	0.0004	2.6732
death	1.0000	0.0002	2.4971
deeply	3.0000	0.0006	2.7981
deplored	1.0000	0.0002	2.4971
hear	2.0000	0.0004	2.6732
protested	1.0000	0.0002	2.4971
rapture	1.0000	0.0002	2.4971
atone	1.0000	0.0002	2.4971
dismal	2.0000	0.0004	2.6732
surprise	1.0000	0.0002	2.4971
strongly	1.0000	0.0002	2.4971
advised	2.0000	0.0004	2.6732
conveyed	1.0000	0.0002	2.4971
separate	2.0000	0.0004	2.6732
never	11.0000	0.0022	3.2752
agree	2.0000	0.0004	2.6732
plans	1.0000	0.0002	2.4971
made	2.0000	0.0004	2.6732
navigation	1.0000	0.0002	2.4971
always	5.0000	0.0010	2.9742
difficult	1.0000	0.0002	2.4971
art	1.0000	0.0002	2.4971
ONLY ONE	2.0000	0.0004	2.6732
ONE BELL	1.0000	0.0002	2.4971
feared	3.0000	0.0006	2.7981
must	7.0000	0.0014	3.0992
really	1.0000	0.0002	2.4971
decline	1.0000	0.0002	2.4971
part	1.0000	0.0002	2.4971
undertaking	2.0000	0.0004	2.6732
another	1.0000	0.0002	2.4971
best	4.0000	0.0008	2.8950
doubt	3.0000	0.0006	2.7981
procure	2.0000	0.0004	2.6732
SECOND	2.0000	0.0004	2.6732
hand	7.0000	0.0014	3.0992
dagger	1.0000	0.0002	2.4971
next	3.0000	0.0006	2.7981
insure	1.0000	0.0002	2.4971
life	8.0000	0.0016	3.1503
OFFICE OF NOTE	1.0000	0.0002	2.4971
banker	5.0000	0.0010	2.9742
suggested	2.0000	0.0004	2.6732
offered	4.0000	0.0008	2.8950
hire	1.0000	0.0002	2.4971
moderate	1.0000	0.0002	2.4971
terms	1.0000	0.0002	2.4971
sale	1.0000	0.0002	2.4971
excellent	1.0000	0.0002	2.4971
policies	1.0000	0.0002	2.4971
fire	1.0000	0.0002	2.4971
damage	1.0000	0.0002	2.4971
hail	1.0000	0.0002	2.4971
yet	6.0000	0.0012	3.0412
still	3.0000	0.0006	2.7981
sorrowful	1.0000	0.0002	2.4971
day	6.0000	0.0012	3.0412
whenever	1.0000	0.0002	2.4971
kept	3.0000	0.0006	2.7981
looking	2.0000	0.0004	2.6732
opposite	1.0000	0.0002	2.4971
way	5.0000	0.0010	2.9742
appeared	3.0000	0.0006	2.7981
unaccountably	1.0000	0.0002	2.4971
shy	2.0000	0.0004	2.6732
speech	3.0000	0.0006	2.7981
praised	1.0000	0.0002	2.4971
carriage	1.0000	0.0002	2.4971
ease	1.0000	0.0002	2.4971
grace	1.0000	0.0002	2.4971
solemnity	1.0000	0.0002	2.4971
see	3.0000	0.0006	2.7981
wise	1.0000	0.0002	2.4971
moment	6.0000	0.0012	3.0412
face	4.0000	0.0008	2.8950
large	3.0000	0.0006	2.7981
map	2.0000	0.0004	2.6732
representing	1.0000	0.0002	2.4971
sea	1.0000	0.0002	2.4971
without	6.0000	0.0012	3.0412
least	4.0000	0.0008	2.8950
vestige	1.0000	0.0002	2.4971
land	1.0000	0.0002	2.4971
much	4.0000	0.0008	2.8950
pleased	2.0000	0.0004	2.6732
found	6.0000	0.0012	3.0412
MERCATOR	1.0000	0.0002	2.4971
NORTH POLES	1.0000	0.0002	2.4971
EQUATORS	1.0000	0.0002	2.4971
TROPICS	1.0000	0.0002	2.4971
ZONES	1.0000	0.0002	2.4971
MERIDIAN LINES	1.0000	0.0002	2.4971
reply	1.0000	0.0002	2.4971
are	4.0000	0.0008	2.8950
merely	3.0000	0.0006	2.7981
conventional	1.0000	0.0002	2.4971
signs	1.0000	0.0002	2.4971
maps	1.0000	0.0002	2.4971
shapes	1.0000	0.0002	2.4971
islands	1.0000	0.0002	2.4971
capes	1.0000	0.0002	2.4971
we	21.0000	0.0042	3.5385
our	2.0000	0.0004	2.6732
brave	1.0000	0.0002	2.4971
captain	1.0000	0.0002	2.4971
thank	1.0000	0.0002	2.4971
protest	1.0000	0.0002	2.4971
us	4.0000	0.0008	2.8950
absolute	2.0000	0.0004	2.6732
blank	2.0000	0.0004	2.6732
charming	1.0000	0.0002	2.4971
shortly	1.0000	0.0002	2.4971
CAPTAIN	3.0000	0.0006	2.7981
trusted	1.0000	0.0002	2.4971
notion	2.0000	0.0004	2.6732
crossing	1.0000	0.0002	2.4971
ocean	2.0000	0.0004	2.6732
tingle	1.0000	0.0002	2.4971
bell	4.0000	0.0008	2.8950
thoughtful	1.0000	0.0002	2.4971
grave	2.0000	0.0004	2.6732
orders	1.0000	0.0002	2.4971
gave	3.0000	0.0006	2.7981
enough	1.0000	0.0002	2.4971
bewilder	1.0000	0.0002	2.4971
steer	1.0000	0.0002	2.4971
starboard	1.0000	0.0002	2.4971
her	1.0000	0.0002	2.4971
larboard	1.0000	0.0002	2.4971
earth	1.0000	0.0002	2.4971
do	5.0000	0.0010	2.9742
remarked	5.0000	0.0010	2.9742
frequently	3.0000	0.0006	2.7981
happens	1.0000	0.0002	2.4971
tropical	1.0000	0.0002	2.4971
climes	1.0000	0.0002	2.4971
vessel	1.0000	0.0002	2.4971
snarked	1.0000	0.0002	2.4971
principal	2.0000	0.0004	2.6732
failing	1.0000	0.0002	2.4971
occurred	3.0000	0.0006	2.7981
perplexed	1.0000	0.0002	2.4971
distressed	2.0000	0.0004	2.6732
SAID	3.0000	0.0006	2.7981
hoped	1.0000	0.0002	2.4971
wind	1.0000	0.0002	2.4971
blew	1.0000	0.0002	2.4971
due	2.0000	0.0004	2.6732
EAST	1.0000	0.0002	2.4971
travel	1.0000	0.0002	2.4971
WEST	1.0000	0.0002	2.4971
danger	2.0000	0.0004	2.6732
past	2.0000	0.0004	2.6732
portmanteaus	1.0000	0.0002	2.4971
bags	1.0000	0.0002	2.4971
first	1.0000	0.0002	2.4971
sight	1.0000	0.0002	2.4971
consisted	1.0000	0.0002	2.4971
chasms	1.0000	0.0002	2.4971
crags	1.0000	0.0002	2.4971
perceived	1.0000	0.0002	2.4971
low	1.0000	0.0002	2.4971
repeated	1.0000	0.0002	2.4971
musical	1.0000	0.0002	2.4971
jokes	1.0000	0.0002	2.4971
season	1.0000	0.0002	2.4971
nothing	3.0000	0.0006	2.7981
groan	2.0000	0.0004	2.6732
served	2.0000	0.0004	2.6732
grog	1.0000	0.0002	2.4971
liberal	1.0000	0.0002	2.4971
bade	2.0000	0.0004	2.6732
down	3.0000	0.0006	2.7981
grand	1.0000	0.0002	2.4971
stood	3.0000	0.0006	2.7981
delivered	1.0000	0.0002	2.4971
FRIENDS ROMANS	1.0000	0.0002	2.4971
countrymen	1.0000	0.0002	2.4971
lend	1.0000	0.0002	2.4971
ears	2.0000	0.0004	2.6732
fond	1.0000	0.0002	2.4971
quotations	1.0000	0.0002	2.4971
drank	1.0000	0.0002	2.4971
health	1.0000	0.0002	2.4971
cheers	2.0000	0.0004	2.6732
additional	1.0000	0.0002	2.4971
rations	1.0000	0.0002	2.4971
MANY MONTHS	1.0000	0.0002	2.4971
MANY WEEKS	2.0000	0.0004	2.6732
FOUR WEEKS	1.0000	0.0002	2.4971
THE MONTH	1.0000	0.0002	2.4971
mark	2.0000	0.0004	2.6732
tis	4.0000	0.0008	2.8950
speaks	1.0000	0.0002	2.4971
caught	2.0000	0.0004	2.6732
glimpse	1.0000	0.0002	2.4971
MANY DAYS	1.0000	0.0002	2.4971
SEVEN DAYS TO THE WEEK	1.0000	0.0002	2.4971
allow	1.0000	0.0002	2.4971
lovingly	1.0000	0.0002	2.4971
gaze	1.0000	0.0002	2.4971
beheld	2.0000	0.0004	2.6732
come	1.0000	0.0002	2.4971
listen	1.0000	0.0002	2.4971
men	3.0000	0.0006	2.7981
FIVE	2.0000	0.0004	2.6732
unmistakable	1.0000	0.0002	2.4971
marks	1.0000	0.0002	2.4971
know	2.0000	0.0004	2.6732
wheresoever	1.0000	0.0002	2.4971
go	1.0000	0.0002	2.4971
warranted	1.0000	0.0002	2.4971
genuine	1.0000	0.0002	2.4971
snarks	3.0000	0.0006	2.7981
order	1.0000	0.0002	2.4971
taste	2.0000	0.0004	2.6732
meagre	1.0000	0.0002	2.4971
hollow	1.0000	0.0002	2.4971
crisp	1.0000	0.0002	2.4971
coat	1.0000	0.0002	2.4971
tight	1.0000	0.0002	2.4971
waist	1.0000	0.0002	2.4971
flavour	2.0000	0.0004	2.6732
wisp	1.0000	0.0002	2.4971
habit	1.0000	0.0002	2.4971
getting	2.0000	0.0004	2.6732
late	2.0000	0.0004	2.6732
carries	2.0000	0.0004	2.6732
far	7.0000	0.0014	3.0992
breakfasts	1.0000	0.0002	2.4971
tea	1.0000	0.0002	2.4971
dines	1.0000	0.0002	2.4971
THE FOLLOWING DAY	1.0000	0.0002	2.4971
THIRD	3.0000	0.0006	2.7981
slowness	1.0000	0.0002	2.4971
taking	2.0000	0.0004	2.6732
jest	1.0000	0.0002	2.4971
happen	2.0000	0.0004	2.6732
venture	1.0000	0.0002	2.4971
sigh	3.0000	0.0006	2.7981
looks	2.0000	0.0004	2.6732
pun	1.0000	0.0002	2.4971
FOURTH	2.0000	0.0004	2.6732
fondness	1.0000	0.0002	2.4971
bathing	1.0000	0.0002	2.4971
machines	1.0000	0.0002	2.4971
constantly	1.0000	0.0002	2.4971
believes	1.0000	0.0002	2.4971
add	2.0000	0.0004	2.6732
beauty	1.0000	0.0002	2.4971
sentiment	2.0000	0.0004	2.6732
FIFTH	2.0000	0.0004	2.6732
ambition	1.0000	0.0002	2.4971
describe	1.0000	0.0002	2.4971
particular	1.0000	0.0002	2.4971
batch	1.0000	0.0002	2.4971
distinguishing	1.0000	0.0002	2.4971
feathers	1.0000	0.0002	2.4971
bite	1.0000	0.0002	2.4971
whiskers	2.0000	0.0004	2.6732
scratch	1.0000	0.0002	2.4971
although	2.0000	0.0004	2.6732
common	1.0000	0.0002	2.4971
manner	1.0000	0.0002	2.4971
harm	1.0000	0.0002	2.4971
duty	3.0000	0.0006	2.7981
broke	1.0000	0.0002	2.4971
off	1.0000	0.0002	2.4971
alarm	1.0000	0.0002	2.4971
fainted	2.0000	0.0004	2.6732
away	3.0000	0.0006	2.7981
tale	2.0000	0.0004	2.6732
roused	4.0000	0.0008	2.8950
muffins	1.0000	0.0002	2.4971
mustard	1.0000	0.0002	2.4971
jam	1.0000	0.0002	2.4971
judicious	1.0000	0.0002	2.4971
set	1.0000	0.0002	2.4971
conundrums	1.0000	0.0002	2.4971
guess	1.0000	0.0002	2.4971
sat	2.0000	0.0004	2.6732
sad	1.0000	0.0002	2.4971
story	2.0000	0.0004	2.6732
silence	4.0000	0.0008	2.8950
shriek	2.0000	0.0004	2.6732
excitedly	1.0000	0.0002	2.4971
tingled	2.0000	0.0004	2.6732
supreme	1.0000	0.0002	2.4971
scream	2.0000	0.0004	2.6732
scarcely	3.0000	0.0006	2.7981
howl	1.0000	0.0002	2.4971
HO	1.0000	0.0002	2.4971
told	3.0000	0.0006	2.7981
woe	1.0000	0.0002	2.4971
antediluvian	1.0000	0.0002	2.4971
father	1.0000	0.0002	2.4971
mother	1.0000	0.0002	2.4971
honest	1.0000	0.0002	2.4971
skip	3.0000	0.0006	2.7981
haste	1.0000	0.0002	2.4971
becomes	1.0000	0.0002	2.4971
dark	1.0000	0.0002	2.4971
chance	2.0000	0.0004	2.6732
minute	1.0000	0.0002	2.4971
waste	1.0000	0.0002	2.4971
FORTY YEARS	1.0000	0.0002	2.4971
proceed	3.0000	0.0006	2.7981
further	2.0000	0.0004	2.6732
THE DAY	4.0000	0.0008	2.8950
took	1.0000	0.0002	2.4971
aboard	1.0000	0.0002	2.4971
help	1.0000	0.0002	2.4971
dear	2.0000	0.0004	2.6732
uncle	3.0000	0.0006	2.7981
mine	1.0000	0.0002	2.4971
whom	2.0000	0.0004	2.6732
named	1.0000	0.0002	2.4971
oh	2.0000	0.0004	2.6732
exclaimed	4.0000	0.0008	2.8950
angrily	1.0000	0.0002	2.4971
mildest	1.0000	0.0002	2.4971
fetch	1.0000	0.0002	2.4971
home	1.0000	0.0002	2.4971
means	1.0000	0.0002	2.4971
serve	2.0000	0.0004	2.6732
greens	2.0000	0.0004	2.6732
handy	1.0000	0.0002	2.4971
striking	2.0000	0.0004	2.6732
light	2.0000	0.0004	2.6732
seek	5.0000	0.0010	2.9742
thimbles	7.0000	0.0014	3.0992
hunt	1.0000	0.0002	2.4971
forks	6.0000	0.0012	3.0412
hope	7.0000	0.0014	3.0992
threaten	2.0000	0.0004	2.6732
railway	6.0000	0.0012	3.0412
share	6.0000	0.0012	3.0412
charm	2.0000	0.0004	2.6732
smiles	6.0000	0.0012	3.0412
exactly	5.0000	0.0010	2.9742
method	2.0000	0.0004	2.6732
bold	1.0000	0.0002	2.4971
hasty	1.0000	0.0002	2.4971
parenthesis	1.0000	0.0002	2.4971
capture	1.0000	0.0002	2.4971
tried	3.0000	0.0006	2.7981
beamish	1.0000	0.0002	2.4971
nephew	1.0000	0.0002	2.4971
beware	1.0000	0.0002	2.4971
boojum	3.0000	0.0006	2.7981
softly	3.0000	0.0006	2.7981
suddenly	5.0000	0.0010	2.9742
vanish	2.0000	0.0004	2.6732
met	4.0000	0.0008	2.8950
oppresses	1.0000	0.0002	2.4971
soul	1.0000	0.0002	2.4971
think	5.0000	0.0010	2.9742
heart	2.0000	0.0004	2.6732
bowl	1.0000	0.0002	2.4971
brimming	1.0000	0.0002	2.4971
over	1.0000	0.0002	2.4971
quivering	2.0000	0.0004	2.6732
curds	1.0000	0.0002	2.4971
replied	2.0000	0.0004	2.6732
dread	1.0000	0.0002	2.4971
engage	1.0000	0.0002	2.4971
EVERY NIGHT	1.0000	0.0002	2.4971
dreamy	1.0000	0.0002	2.4971
delirious	1.0000	0.0002	2.4971
fight	2.0000	0.0004	2.6732
shadowy	2.0000	0.0004	2.6732
scenes	1.0000	0.0002	2.4971
meet	4.0000	0.0008	2.8950
sure	2.0000	0.0004	2.6732
endure	1.0000	0.0002	2.4971
huffish	1.0000	0.0002	2.4971
wrinkled	1.0000	0.0002	2.4971
brow	1.0000	0.0002	2.4971
spoken	2.0000	0.0004	2.6732
excessively	2.0000	0.0004	2.6732
awkward	2.0000	0.0004	2.6732
door	2.0000	0.0004	2.6732
grieve	1.0000	0.0002	2.4971
believe	1.0000	0.0002	2.4971
surely	1.0000	0.0002	2.4971
voyage	1.0000	0.0002	2.4971
began	1.0000	0.0002	2.4971
already	1.0000	0.0002	2.4971
informed	2.0000	0.0004	2.6732
embarked	1.0000	0.0002	2.4971
murder	1.0000	0.0002	2.4971
want	1.0000	0.0002	2.4971
weak	1.0000	0.0002	2.4971
approach	1.0000	0.0002	2.4971
false	1.0000	0.0002	2.4971
pretence	1.0000	0.0002	2.4971
among	1.0000	0.0002	2.4971
crimes	1.0000	0.0002	2.4971
HEBREW	1.0000	0.0002	2.4971
GERMAN	1.0000	0.0002	2.4971
GREEK	1.0000	0.0002	2.4971
vexes	1.0000	0.0002	2.4971
ENGLISH	1.0000	0.0002	2.4971
TIS	3.0000	0.0006	2.7981
pitiful	1.0000	0.0002	2.4971
grown	1.0000	0.0002	2.4971
longer	2.0000	0.0004	2.6732
every	4.0000	0.0008	2.8950
stated	2.0000	0.0004	2.6732
case	2.0000	0.0004	2.6732
debate	1.0000	0.0002	2.4971
absurd	1.0000	0.0002	2.4971
rest	2.0000	0.0004	2.6732
leisure	1.0000	0.0002	2.4971
glorious	2.0000	0.0004	2.6732
pursue	1.0000	0.0002	2.4971
soap	5.0000	0.0010	2.9742
peculiar	1.0000	0.0002	2.4971
creature	2.0000	0.0004	2.6732
wo	1.0000	0.0002	2.4971
commonplace	1.0000	0.0002	2.4971
wasted	1.0000	0.0002	2.4971
ENGLAND	1.0000	0.0002	2.4971
expects	1.0000	0.0002	2.4971
forbear	1.0000	0.0002	2.4971
maxim	1.0000	0.0002	2.4971
tremendous	1.0000	0.0002	2.4971
trite	1.0000	0.0002	2.4971
unpacking	1.0000	0.0002	2.4971
need	2.0000	0.0004	2.6732
rig	1.0000	0.0002	2.4971
yourselves	1.0000	0.0002	2.4971
endorsed	1.0000	0.0002	2.4971
cheque	2.0000	0.0004	2.6732
crossed	1.0000	0.0002	2.4971
changed	1.0000	0.0002	2.4971
loose	1.0000	0.0002	2.4971
silver	1.0000	0.0002	2.4971
notes	2.0000	0.0004	2.6732
combed	1.0000	0.0002	2.4971
shook	1.0000	0.0002	2.4971
dust	1.0000	0.0002	2.4971
BOOTS	1.0000	0.0002	2.4971
broker	1.0000	0.0002	2.4971
sharpening	1.0000	0.0002	2.4971
working	1.0000	0.0002	2.4971
grindstone	1.0000	0.0002	2.4971
displayed	1.0000	0.0002	2.4971
interest	1.0000	0.0002	2.4971
concern	1.0000	0.0002	2.4971
pride	2.0000	0.0004	2.6732
vainly	1.0000	0.0002	2.4971
proceeded	2.0000	0.0004	2.6732
cite	1.0000	0.0002	2.4971
cases	1.0000	0.0002	2.4971
laces	1.0000	0.0002	2.4971
proved	4.0000	0.0008	2.8950
infringement	1.0000	0.0002	2.4971
ferociously	1.0000	0.0002	2.4971
planned	1.0000	0.0002	2.4971
novel	1.0000	0.0002	2.4971
arrangement	1.0000	0.0002	2.4971
bows	1.0000	0.0002	2.4971
BILLIARD	1.0000	0.0002	2.4971
chalking	1.0000	0.0002	2.4971
tip	3.0000	0.0006	2.7981
nose	1.0000	0.0002	2.4971
turned	3.0000	0.0006	2.7981
nervous	2.0000	0.0004	2.6732
dressed	2.0000	0.0004	2.6732
fine	1.0000	0.0002	2.4971
yellow	1.0000	0.0002	2.4971
kid	1.0000	0.0002	2.4971
gloves	1.0000	0.0002	2.4971
going	2.0000	0.0004	2.6732
dine	1.0000	0.0002	2.4971
stuff	1.0000	0.0002	2.4971
introduce	1.0000	0.0002	2.4971
fellow	1.0000	0.0002	2.4971
together	1.0000	0.0002	2.4971
sagaciously	1.0000	0.0002	2.4971
nodding	1.0000	0.0002	2.4971
depend	1.0000	0.0002	2.4971
weather	1.0000	0.0002	2.4971
galumphing	1.0000	0.0002	2.4971
seeing	1.0000	0.0002	2.4971
stupid	1.0000	0.0002	2.4971
stout	1.0000	0.0002	2.4971
effort	1.0000	0.0002	2.4971
wink	1.0000	0.0002	2.4971
eye	2.0000	0.0004	2.6732
wrath	1.0000	0.0002	2.4971
beginning	1.0000	0.0002	2.4971
sob	1.0000	0.0002	2.4971
JUBJUB	6.0000	0.0012	3.0412
desperate	3.0000	0.0006	2.7981
bird	2.0000	0.0004	2.6732
strength	1.0000	0.0002	2.4971
job	1.0000	0.0002	2.4971
LESSON	1.0000	0.0002	2.4971
sought	8.0000	0.0016	3.1503
pursued	4.0000	0.0008	2.8950
threatened	4.0000	0.0008	2.8950
charmed	4.0000	0.0008	2.8950
contrived	2.0000	0.0004	2.6732
ingenious	1.0000	0.0002	2.4971
plan	2.0000	0.0004	2.6732
sally	1.0000	0.0002	2.4971
fixed	1.0000	0.0002	2.4971
spot	1.0000	0.0002	2.4971
unfrequented	1.0000	0.0002	2.4971
desolate	1.0000	0.0002	2.4971
valley	2.0000	0.0004	2.6732
very	2.0000	0.0004	2.6732
same	2.0000	0.0004	2.6732
chosen	1.0000	0.0002	2.4971
neither	1.0000	0.0002	2.4971
betrayed	1.0000	0.0002	2.4971
sign	1.0000	0.0002	2.4971
disgust	1.0000	0.0002	2.4971
thought	2.0000	0.0004	2.6732
thinking	1.0000	0.0002	2.4971
work	1.0000	0.0002	2.4971
pretend	1.0000	0.0002	2.4971
did	1.0000	0.0002	2.4971
grew	1.0000	0.0002	2.4971
narrow	1.0000	0.0002	2.4971
narrower	1.0000	0.0002	2.4971
THE EVENING	1.0000	0.0002	2.4971
darker	1.0000	0.0002	2.4971
colder	1.0000	0.0002	2.4971
nervousness	1.0000	0.0002	2.4971
goodwill	1.0000	0.0002	2.4971
marched	1.0000	0.0002	2.4971
along	2.0000	0.0004	2.6732
shoulder	2.0000	0.0004	2.6732
shrill	1.0000	0.0002	2.4971
high	1.0000	0.0002	2.4971
rent	1.0000	0.0002	2.4971
shuddering	1.0000	0.0002	2.4971
sky	1.0000	0.0002	2.4971
near	1.0000	0.0002	2.4971
pale	1.0000	0.0002	2.4971
tail	2.0000	0.0004	2.6732
queer	1.0000	0.0002	2.4971
childhood	1.0000	0.0002	2.4971
blissful	1.0000	0.0002	2.4971
innocent	1.0000	0.0002	2.4971
recalled	1.0000	0.0002	2.4971
pencil	1.0000	0.0002	2.4971
squeaks	1.0000	0.0002	2.4971
slate	1.0000	0.0002	2.4971
voice	1.0000	0.0002	2.4971
added	2.0000	0.0004	2.6732
note	1.0000	0.0002	2.4971
count	2.0000	0.0004	2.6732
entreat	1.0000	0.0002	2.4971
find	1.0000	0.0002	2.4971
song	2.0000	0.0004	2.6732
counted	1.0000	0.0002	2.4971
scrupulous	1.0000	0.0002	2.4971
attending	1.0000	0.0002	2.4971
fairly	1.0000	0.0002	2.4971
lost	3.0000	0.0006	2.7981
outgrabe	1.0000	0.0002	2.4971
despair	2.0000	0.0004	2.6732
repetition	1.0000	0.0002	2.4971
spite	2.0000	0.0004	2.6732
pains	2.0000	0.0004	2.6732
somehow	1.0000	0.0002	2.4971
lose	1.0000	0.0002	2.4971
rack	1.0000	0.0002	2.4971
brains	1.0000	0.0002	2.4971
reckoning	1.0000	0.0002	2.4971
amount	1.0000	0.0002	2.4971
fingers	1.0000	0.0002	2.4971
thumbs	1.0000	0.0002	2.4971
RECOLLECTING	1.0000	0.0002	2.4971
EARLIER YEARS	1.0000	0.0002	2.4971
taken	1.0000	0.0002	2.4971
sums	1.0000	0.0002	2.4971
bring	1.0000	0.0002	2.4971
paper	2.0000	0.0004	2.6732
ink	2.0000	0.0004	2.6732
portfolio	1.0000	0.0002	2.4971
pens	1.0000	0.0002	2.4971
unfailing	1.0000	0.0002	2.4971
supplies	1.0000	0.0002	2.4971
strange	1.0000	0.0002	2.4971
creepy	1.0000	0.0002	2.4971
creatures	1.0000	0.0002	2.4971
dens	1.0000	0.0002	2.4971
watched	1.0000	0.0002	2.4971
wondering	1.0000	0.0002	2.4971
engrossed	1.0000	0.0002	2.4971
heeded	1.0000	0.0002	2.4971
wrote	1.0000	0.0002	2.4971
pen	1.0000	0.0002	2.4971
popular	1.0000	0.0002	2.4971
style	1.0000	0.0002	2.4971
subject	1.0000	0.0002	2.4971
reason	1.0000	0.0002	2.4971
convenient	1.0000	0.0002	2.4971
TEN	1.0000	0.0002	2.4971
multiply	1.0000	0.0002	2.4971
ONE THOUSAND	1.0000	0.0002	2.4971
diminished	1.0000	0.0002	2.4971
result	1.0000	0.0002	2.4971
divide	1.0000	0.0002	2.4971
NINE	1.0000	0.0002	2.4971
HUNDRED	1.0000	0.0002	2.4971
NINETY TWO	1.0000	0.0002	2.4971
subtract	1.0000	0.0002	2.4971
SEVENTEEN	1.0000	0.0002	2.4971
employed	1.0000	0.0002	2.4971
gladly	2.0000	0.0004	2.6732
explain	1.0000	0.0002	2.4971
clear	3.0000	0.0006	2.7981
remains	1.0000	0.0002	2.4971
seen	2.0000	0.0004	2.6732
hitherto	1.0000	0.0002	2.4971
enveloped	1.0000	0.0002	2.4971
mystery	1.0000	0.0002	2.4971
extra	1.0000	0.0002	2.4971
lesson	2.0000	0.0004	2.6732
genial	1.0000	0.0002	2.4971
forgetting	1.0000	0.0002	2.4971
laws	1.0000	0.0002	2.4971
propriety	1.0000	0.0002	2.4971
giving	1.0000	0.0002	2.4971
instruction	1.0000	0.0002	2.4971
introduction	1.0000	0.0002	2.4971
caused	1.0000	0.0002	2.4971
quite	4.0000	0.0008	2.8950
thrill	1.0000	0.0002	2.4971
SOCIETY	1.0000	0.0002	2.4971
temper	1.0000	0.0002	2.4971
lives	1.0000	0.0002	2.4971
perpetual	1.0000	0.0002	2.4971
passion	1.0000	0.0002	2.4971
costume	1.0000	0.0002	2.4971
entirely	1.0000	0.0002	2.4971
ages	1.0000	0.0002	2.4971
ahead	2.0000	0.0004	2.6732
fashion	1.0000	0.0002	2.4971
knows	1.0000	0.0002	2.4971
friend	2.0000	0.0004	2.6732
look	1.0000	0.0002	2.4971
bribe	1.0000	0.0002	2.4971
charity	1.0000	0.0002	2.4971
meetings	1.0000	0.0002	2.4971
stands	1.0000	0.0002	2.4971
collects	1.0000	0.0002	2.4971
does	1.0000	0.0002	2.4971
subscribe	1.0000	0.0002	2.4971
cooked	1.0000	0.0002	2.4971
exquisite	1.0000	0.0002	2.4971
mutton	1.0000	0.0002	2.4971
oysters	1.0000	0.0002	2.4971
eggs	1.0000	0.0002	2.4971
keeps	1.0000	0.0002	2.4971
ivory	1.0000	0.0002	2.4971
jar	1.0000	0.0002	2.4971
mahogany	1.0000	0.0002	2.4971
kegs	1.0000	0.0002	2.4971
boil	1.0000	0.0002	2.4971
sawdust	1.0000	0.0002	2.4971
salt	1.0000	0.0002	2.4971
glue	1.0000	0.0002	2.4971
condense	1.0000	0.0002	2.4971
locusts	1.0000	0.0002	2.4971
tape	1.0000	0.0002	2.4971
keeping	1.0000	0.0002	2.4971
object	1.0000	0.0002	2.4971
preserve	1.0000	0.0002	2.4971
symmetrical	1.0000	0.0002	2.4971
shape	1.0000	0.0002	2.4971
talked	1.0000	0.0002	2.4971
NEXT DAY	1.0000	0.0002	2.4971
wept	1.0000	0.0002	2.4971
delight	2.0000	0.0004	2.6732
attempting	1.0000	0.0002	2.4971
considered	1.0000	0.0002	2.4971
confessed	1.0000	0.0002	2.4971
affectionate	1.0000	0.0002	2.4971
eloquent	1.0000	0.0002	2.4971
learned	1.0000	0.0002	2.4971
TEN MINUTES	1.0000	0.0002	2.4971
books	1.0000	0.0002	2.4971
taught	1.0000	0.0002	2.4971
seventy	1.0000	0.0002	2.4971
years	1.0000	0.0002	2.4971
returned	1.0000	0.0002	2.4971
unmanned	1.0000	0.0002	2.4971
emotion	1.0000	0.0002	2.4971
amply	1.0000	0.0002	2.4971
repays	1.0000	0.0002	2.4971
wearisome	1.0000	0.0002	2.4971
DAYS	1.0000	0.0002	2.4971
spent	2.0000	0.0004	2.6732
billowy	1.0000	0.0002	2.4971
became	1.0000	0.0002	2.4971
seldom	1.0000	0.0002	2.4971
WINTER	1.0000	0.0002	2.4971
SUMMER	1.0000	0.0002	2.4971
twas	1.0000	0.0002	2.4971
quarrels	2.0000	0.0004	2.6732
arose	1.0000	0.0002	2.4971
finds	1.0000	0.0002	2.4971
recurred	1.0000	0.0002	2.4971
minds	1.0000	0.0002	2.4971
cemented	1.0000	0.0002	2.4971
friendship	1.0000	0.0002	2.4971
SIXTH	1.0000	0.0002	2.4971
dream	1.0000	0.0002	2.4971
weary	2.0000	0.0004	2.6732
proving	1.0000	0.0002	2.4971
vain	1.0000	0.0002	2.4971
FELL	1.0000	0.0002	2.4971
asleep	1.0000	0.0002	2.4971
dreams	1.0000	0.0002	2.4971
saw	2.0000	0.0004	2.6732
plain	1.0000	0.0002	2.4971
fancy	1.0000	0.0002	2.4971
dwelt	1.0000	0.0002	2.4971
dreamed	2.0000	0.0004	2.6732
COURT	2.0000	0.0004	2.6732
where	2.0000	0.0004	2.6732
glass	1.0000	0.0002	2.4971
gown	1.0000	0.0002	2.4971
bands	1.0000	0.0002	2.4971
defending	1.0000	0.0002	2.4971
pig	4.0000	0.0008	2.8950
deserting	1.0000	0.0002	2.4971
sty	2.0000	0.0004	2.6732
witnesses	2.0000	0.0004	2.6732
error	1.0000	0.0002	2.4971
flaw	1.0000	0.0002	2.4971
deserted	1.0000	0.0002	2.4971
judge	7.0000	0.0014	3.0992
law	1.0000	0.0002	2.4971
soft	1.0000	0.0002	2.4971
current	1.0000	0.0002	2.4971
indictment	2.0000	0.0004	2.6732
expressed	1.0000	0.0002	2.4971
seemed	3.0000	0.0006	2.7981
begun	1.0000	0.0002	2.4971
THREE HOURS	1.0000	0.0002	2.4971
guessed	1.0000	0.0002	2.4971
supposed	1.0000	0.0002	2.4971
jury	4.0000	0.0008	2.8950
formed	1.0000	0.0002	2.4971
spoke	1.0000	0.0002	2.4971
others	3.0000	0.0006	2.7981
fudge	1.0000	0.0002	2.4971
statute	1.0000	0.0002	2.4971
obsolete	1.0000	0.0002	2.4971
depends	2.0000	0.0004	2.6732
ancient	1.0000	0.0002	2.4971
manorial	1.0000	0.0002	2.4971
matter	2.0000	0.0004	2.6732
TREASON	1.0000	0.0002	2.4971
appear	1.0000	0.0002	2.4971
aided	1.0000	0.0002	2.4971
abetted	1.0000	0.0002	2.4971
insolvency	1.0000	0.0002	2.4971
fails	1.0000	0.0002	2.4971
grant	1.0000	0.0002	2.4971
plea	1.0000	0.0002	2.4971
desertion	1.0000	0.0002	2.4971
dispute	1.0000	0.0002	2.4971
guilt	1.0000	0.0002	2.4971
trust	1.0000	0.0002	2.4971
removed	1.0000	0.0002	2.4971
related	1.0000	0.0002	2.4971
costs	1.0000	0.0002	2.4971
suit	1.0000	0.0002	2.4971
alibi	1.0000	0.0002	2.4971
client	1.0000	0.0002	2.4971
fate	3.0000	0.0006	2.7981
votes	1.0000	0.0002	2.4971
here	2.0000	0.0004	2.6732
speaker	1.0000	0.0002	2.4971
directed	1.0000	0.0002	2.4971
briefly	1.0000	0.0002	2.4971
sum	1.0000	0.0002	2.4971
summed	2.0000	0.0004	2.6732
undertook	1.0000	0.0002	2.4971
instead	1.0000	0.0002	2.4971
verdict	2.0000	0.0004	2.6732
declined	1.0000	0.0002	2.4971
puzzling	1.0000	0.0002	2.4971
spell	1.0000	0.0002	2.4971
ventured	1.0000	0.0002	2.4971
toils	1.0000	0.0002	2.4971
guilty	1.0000	0.0002	2.4971
groaned	1.0000	0.0002	2.4971
sentence	3.0000	0.0006	2.7981
utter	2.0000	0.0004	2.6732
rose	1.0000	0.0002	2.4971
feet	1.0000	0.0002	2.4971
night	2.0000	0.0004	2.6732
fall	1.0000	0.0002	2.4971
pin	1.0000	0.0002	2.4971
transportation	1.0000	0.0002	2.4971
fined	1.0000	0.0002	2.4971
FORTY POUND	1.0000	0.0002	2.4971
cheered	1.0000	0.0002	2.4971
phrase	1.0000	0.0002	2.4971
legally	1.0000	0.0002	2.4971
wild	2.0000	0.0004	2.6732
exultation	1.0000	0.0002	2.4971
checked	1.0000	0.0002	2.4971
jailer	1.0000	0.0002	2.4971
effect	1.0000	0.0002	2.4971
dead	1.0000	0.0002	2.4971
SOME YEARS	1.0000	0.0002	2.4971
disgusted	1.0000	0.0002	2.4971
aghast	1.0000	0.0002	2.4971
lawyer	1.0000	0.0002	2.4971
defense	1.0000	0.0002	2.4971
entrusted	1.0000	0.0002	2.4971
bellowing	2.0000	0.0004	2.6732
thus	1.0000	0.0002	2.4971
grow	1.0000	0.0002	2.4971
woke	1.0000	0.0002	2.4971
knell	1.0000	0.0002	2.4971
rang	1.0000	0.0002	2.4971
close	1.0000	0.0002	2.4971
ear	1.0000	0.0002	2.4971
SEVENTH	1.0000	0.0002	2.4971
inspired	1.0000	0.0002	2.4971
new	1.0000	0.0002	2.4971
general	1.0000	0.0002	2.4971
rushed	1.0000	0.0002	2.4971
madly	1.0000	0.0002	2.4971
zeal	1.0000	0.0002	2.4971
discover	1.0000	0.0002	2.4971
seeking	1.0000	0.0002	2.4971
BANDERSNATCH	3.0000	0.0006	2.7981
swiftly	1.0000	0.0002	2.4971
drew	1.0000	0.0002	2.4971
nigh	1.0000	0.0002	2.4971
grabbed	2.0000	0.0004	2.6732
shrieked	1.0000	0.0002	2.4971
useless	1.0000	0.0002	2.4971
fly	1.0000	0.0002	2.4971
discount	1.0000	0.0002	2.4971
drawn	1.0000	0.0002	2.4971
bearer	1.0000	0.0002	2.4971
SEVEN POUNDS TEN	1.0000	0.0002	2.4971
extended	1.0000	0.0002	2.4971
neck	1.0000	0.0002	2.4971
pause	1.0000	0.0002	2.4971
jaws	1.0000	0.0002	2.4971
savagely	1.0000	0.0002	2.4971
snapping	1.0000	0.0002	2.4971
skipped	1.0000	0.0002	2.4971
hopped	1.0000	0.0002	2.4971
floundered	1.0000	0.0002	2.4971
flopped	1.0000	0.0002	2.4971
fainting	1.0000	0.0002	2.4971
fell	1.0000	0.0002	2.4971
ground	2.0000	0.0004	2.6732
fled	1.0000	0.0002	2.4971
led	1.0000	0.0002	2.4971
fear	1.0000	0.0002	2.4971
stricken	1.0000	0.0002	2.4971
yell	1.0000	0.0002	2.4971
solemnly	1.0000	0.0002	2.4971
tolled	1.0000	0.0002	2.4971
HIS BELL	1.0000	0.0002	2.4971
black	1.0000	0.0002	2.4971
trace	1.0000	0.0002	2.4971
likeness	1.0000	0.0002	2.4971
great	1.0000	0.0002	2.4971
fright	2.0000	0.0004	2.6732
waistcoat	1.0000	0.0002	2.4971
wonderful	1.0000	0.0002	2.4971
horror	1.0000	0.0002	2.4971
present	1.0000	0.0002	2.4971
uprose	1.0000	0.0002	2.4971
full	1.0000	0.0002	2.4971
evening	1.0000	0.0002	2.4971
dress	1.0000	0.0002	2.4971
senseless	1.0000	0.0002	2.4971
grimaces	1.0000	0.0002	2.4971
endeavoured	1.0000	0.0002	2.4971
tongue	1.0000	0.0002	2.4971
express	1.0000	0.0002	2.4971
sank	1.0000	0.0002	2.4971
chair	1.0000	0.0002	2.4971
ran	1.0000	0.0002	2.4971
hands	2.0000	0.0004	2.6732
through	1.0000	0.0002	2.4971
chanted	1.0000	0.0002	2.4971
mimsiest	1.0000	0.0002	2.4971
inanity	1.0000	0.0002	2.4971
insanity	1.0000	0.0002	2.4971
rattled	1.0000	0.0002	2.4971
couple	1.0000	0.0002	2.4971
bones	1.0000	0.0002	2.4971
delay	1.0000	0.0002	2.4971
catch	1.0000	0.0002	2.4971
EIGHTH	1.0000	0.0002	2.4971
vanishing	1.0000	0.0002	2.4971
shuddered	1.0000	0.0002	2.4971
chase	1.0000	0.0002	2.4971
fail	1.0000	0.0002	2.4971
excited	1.0000	0.0002	2.4971
bounding	1.0000	0.0002	2.4971
daylight	1.0000	0.0002	2.4971
nearly	1.0000	0.0002	2.4971
THINGUMBOB	1.0000	0.0002	2.4971
shouting	2.0000	0.0004	2.6732
mad	1.0000	0.0002	2.4971
hark	1.0000	0.0002	2.4971
waving	1.0000	0.0002	2.4971
wagging	1.0000	0.0002	2.4971
certainly	1.0000	0.0002	2.4971
gazed	1.0000	0.0002	2.4971
hero	1.0000	0.0002	2.4971
neighboring	1.0000	0.0002	2.4971
crag	1.0000	0.0002	2.4971
erect	1.0000	0.0002	2.4971
sublime	1.0000	0.0002	2.4971
figure	1.0000	0.0002	2.4971
stung	1.0000	0.0002	2.4971
spasm	1.0000	0.0002	2.4971
plunge	1.0000	0.0002	2.4971
chasm	1.0000	0.0002	2.4971
waited	1.0000	0.0002	2.4971
listened	1.0000	0.0002	2.4971
awe	1.0000	0.0002	2.4971
followed	1.0000	0.0002	2.4971
torrent	1.0000	0.0002	2.4971
laughter	2.0000	0.0004	2.6732
ominous	1.0000	0.0002	2.4971
fancied	1.0000	0.0002	2.4971
air	1.0000	0.0002	2.4971
wandering	1.0000	0.0002	2.4971
sounded	1.0000	0.0002	2.4971
declare	1.0000	0.0002	2.4971
breeze	1.0000	0.0002	2.4971
hunted	1.0000	0.0002	2.4971
darkness	1.0000	0.0002	2.4971
button	1.0000	0.0002	2.4971
feather	1.0000	0.0002	2.4971
midst	2.0000	0.0004	2.6732
trying	1.0000	0.0002	2.4971
glee	1.0000	0.0002	2.4971
vanished	1.0000	0.0002	2.4971
